3.859039874902267684e+02
3.859340109460516146e+02
3.859640344018764608e+02
3.859940578577013639e+02
3.860240813135262101e+02
3.860541047693510563e+02
3.860841282251759026e+02
3.861141516810008056e+02
3.861441751368256519e+02
3.861741985926504981e+02
3.862042220484754012e+02
3.862342455043002474e+02
3.862642689601250936e+02
3.862942924159499967e+02
3.863243158717748429e+02
3.863543393275996891e+02
3.863843627834245353e+02
3.864143862392494384e+02
3.864444096950742846e+02
3.864744331508991309e+02
3.865044566067240339e+02
3.865344800625488801e+02
3.865645035183737264e+02
3.865945269741986294e+02
3.866245504300234757e+02
3.866545738858483219e+02
3.866845973416731681e+02
3.867146207974980712e+02
3.867446442533229174e+02
3.867746677091477636e+02
3.868046911649726667e+02
3.868347146207975129e+02
3.868647380766223591e+02
3.868947615324472054e+02
3.869247849882721084e+02
3.869548084440969546e+02
3.869848318999218009e+02
3.870148553557467039e+02
3.870448788115715502e+02
3.870749022673963964e+02
3.871049257232212994e+02
3.871349491790461457e+02
3.871649726348709919e+02
3.871949960906958381e+02
3.872250195465207412e+02
3.872550430023455874e+02
3.872850664581704336e+02
3.873150899139953367e+02
3.873451133698201829e+02
3.873751368256450291e+02
3.874051602814699322e+02
3.874351837372947784e+02
3.874652071931196247e+02
3.874952306489444709e+02
3.875252541047693740e+02
3.875552775605942202e+02
3.875853010164190664e+02
3.876153244722439695e+02
3.876453479280688157e+02
3.876753713838936619e+02
3.877053948397185650e+02
3.877354182955434112e+02
3.877654417513682574e+02
3.877954652071931037e+02
3.878254886630180067e+02
3.878555121188428529e+02
3.878855355746676992e+02
3.879155590304926022e+02
3.879455824863174485e+02
3.879756059421422947e+02
3.880056293979671409e+02
3.880356528537920440e+02
3.880656763096168902e+02
3.880956997654417364e+02
3.881257232212666395e+02
3.881557466770914857e+02
3.881857701329163319e+02
3.882157935887412350e+02
3.882458170445660812e+02
3.882758405003909274e+02
3.883058639562157737e+02
3.883358874120406767e+02
3.883659108678655230e+02
3.883959343236903692e+02
3.884259577795152723e+02
3.884559812353401185e+02
3.884860046911649647e+02
3.885160281469898678e+02
3.885460516028147140e+02
3.885760750586395602e+02
3.886060985144644064e+02
3.886361219702893095e+02
3.886661454261141557e+02
3.886961688819390019e+02
3.887261923377639050e+02
3.887562157935887512e+02
3.887862392494135975e+02
3.888162627052385005e+02
3.888462861610633468e+02
3.888763096168881930e+02
3.889063330727130392e+02
3.889363565285379423e+02
3.889663799843627885e+02
3.889964034401876347e+02
3.890264268960125378e+02
3.890564503518373840e+02
3.890864738076622302e+02
3.891164972634871333e+02
3.891465207193119795e+02
3.891765441751368257e+02
3.892065676309616720e+02
3.892365910867865750e+02
3.892666145426114213e+02
3.892966379984362675e+02
3.893266614542611705e+02
3.893566849100860168e+02
3.893867083659108630e+02
3.894167318217357661e+02
3.894467552775606123e+02
3.894767787333854585e+02
3.895068021892103047e+02
3.895368256450352078e+02
3.895668491008600540e+02
3.895968725566849002e+02
3.896268960125098033e+02
3.896569194683346495e+02
3.896869429241594958e+02
3.897169663799843420e+02
3.897469898358092451e+02
3.897770132916340913e+02
3.898070367474589375e+02
3.898370602032838406e+02
3.898670836591086868e+02
3.898971071149335330e+02
3.899271305707584361e+02
3.899571540265832823e+02
3.899871774824081285e+02
3.900172009382329747e+02
3.900472243940578778e+02
3.900772478498827240e+02
3.901072713057075703e+02
3.901372947615324733e+02
3.901673182173573196e+02
3.901973416731821658e+02
3.902273651290070688e+02
3.902573885848319151e+02
3.902874120406567613e+02
3.903174354964816075e+02
3.903474589523065106e+02
3.903774824081313568e+02
3.904075058639562030e+02
3.904375293197811061e+02
3.904675527756059523e+02
3.904975762314307985e+02
3.905275996872557016e+02
3.905576231430805478e+02
3.905876465989053941e+02
3.906176700547302403e+02
3.906476935105551433e+02
3.906777169663799896e+02
3.907077404222048358e+02
3.907377638780297389e+02
3.907677873338545851e+02
3.907978107896794313e+02
3.908278342455042775e+02
3.908578577013291806e+02
3.908878811571540268e+02
3.909179046129788730e+02
3.909479280688037761e+02
3.909779515246286223e+02
3.910079749804534686e+02
3.910379984362783716e+02
3.910680218921032179e+02
3.910980453479280641e+02
3.911280688037529103e+02
3.911580922595778134e+02
3.911881157154026596e+02
3.912181391712275058e+02
3.912481626270524089e+02
3.912781860828772551e+02
3.913082095387021013e+02
3.913382329945270044e+02
3.913682564503518506e+02
3.913982799061766968e+02
3.914283033620015431e+02
3.914583268178264461e+02
3.914883502736512924e+02
3.915183737294761386e+02
3.915483971853010416e+02
3.915784206411258879e+02
3.916084440969507341e+02
3.916384675527756372e+02
3.916684910086004834e+02
3.916985144644253296e+02
3.917285379202501758e+02
3.917585613760750789e+02
3.917885848318999251e+02
3.918186082877247713e+02
3.918486317435496744e+02
3.918786551993745206e+02
3.919086786551993669e+02
3.919387021110242699e+02
3.919687255668491161e+02
3.919987490226739624e+02
3.920287724784988086e+02
3.920587959343237117e+02
3.920888193901485579e+02
3.921188428459734041e+02
3.921488663017983072e+02
3.921788897576231534e+02
3.922089132134479996e+02
3.922389366692729027e+02
3.922689601250977489e+02
3.922989835809225951e+02
3.923290070367474414e+02
3.923590304925723444e+02
3.923890539483971907e+02
3.924190774042220369e+02
3.924491008600469399e+02
3.924791243158717862e+02
3.925091477716966324e+02
3.925391712275214786e+02
3.925691946833463817e+02
3.925992181391712279e+02
3.926292415949960741e+02
3.926592650508209772e+02
3.926892885066458234e+02
3.927193119624706696e+02
3.927493354182955727e+02
3.927793588741204189e+02
3.928093823299452652e+02
3.928394057857701114e+02
3.928694292415950144e+02
3.928994526974198607e+02
3.929294761532447069e+02
3.929594996090696100e+02
3.929895230648944562e+02
3.930195465207193024e+02
3.930495699765442055e+02
3.930795934323690517e+02
3.931096168881938979e+02
3.931396403440187441e+02
3.931696637998436472e+02
3.931996872556684934e+02
3.932297107114933397e+02
3.932597341673182427e+02
3.932897576231430889e+02
3.933197810789679352e+02
3.933498045347928382e+02
3.933798279906176845e+02
3.934098514464425307e+02
3.934398749022673769e+02
3.934698983580922800e+02
3.934999218139171262e+02
3.935299452697419724e+02
3.935599687255668755e+02
3.935899921813917217e+02
3.936200156372165679e+02
3.936500390930414142e+02
3.936800625488663172e+02
3.937100860046911635e+02
3.937401094605160097e+02
3.937701329163409127e+02
3.938001563721657590e+02
3.938301798279906052e+02
3.938602032838155083e+02
3.938902267396403545e+02
3.939202501954652007e+02
3.939502736512901038e+02
3.939802971071149500e+02
3.940103205629397962e+02
3.940403440187646424e+02
3.940703674745895455e+02
3.941003909304143917e+02
3.941304143862392380e+02
3.941604378420641410e+02
3.941904612978889872e+02
3.942204847537138335e+02
3.942505082095386797e+02
3.942805316653635828e+02
3.943105551211884290e+02
3.943405785770132752e+02
3.943706020328381783e+02
3.944006254886630245e+02
3.944306489444878707e+02
3.944606724003127738e+02
3.944906958561376200e+02
3.945207193119624662e+02
3.945507427677873125e+02
3.945807662236122155e+02
3.946107896794370617e+02
3.946408131352619080e+02
3.946708365910868110e+02
3.947008600469116573e+02
3.947308835027365035e+02
3.947609069585614066e+02
3.947909304143862528e+02
3.948209538702110990e+02
3.948509773260359452e+02
3.948810007818608483e+02
3.949110242376856945e+02
3.949410476935105407e+02
3.949710711493354438e+02
3.950010946051602900e+02
3.950311180609851363e+02
3.950611415168100393e+02
3.950911649726348855e+02
3.951211884284597318e+02
3.951512118842845780e+02
3.951812353401094811e+02
3.952112587959343273e+02
3.952412822517591735e+02
3.952713057075840766e+02
3.953013291634089228e+02
3.953313526192337690e+02
3.953613760750586152e+02
3.953913995308835183e+02
3.954214229867083645e+02
3.954514464425332108e+02
3.954814698983581138e+02
3.955114933541829600e+02
3.955415168100078063e+02
3.955715402658327093e+02
3.956015637216575556e+02
3.956315871774824018e+02
3.956616106333072480e+02
3.956916340891321511e+02
3.957216575449569973e+02
3.957516810007818435e+02
3.957817044566067466e+02
3.958117279124315928e+02
3.958417513682564390e+02
3.958717748240813421e+02
3.959017982799061883e+02
3.959318217357310346e+02
3.959618451915558808e+02
3.959918686473807838e+02
3.960218921032056301e+02
3.960519155590304763e+02
3.960819390148553794e+02
3.961119624706802256e+02
3.961419859265050718e+02
3.961720093823299749e+02
3.962020328381548211e+02
3.962320562939796673e+02
3.962620797498045135e+02
3.962921032056294166e+02
3.963221266614542628e+02
3.963521501172791091e+02
3.963821735731040121e+02
3.964121970289288583e+02
3.964422204847537046e+02
3.964722439405785508e+02
3.965022673964034539e+02
3.965322908522283001e+02
3.965623143080531463e+02
3.965923377638780494e+02
3.966223612197028956e+02
3.966523846755277418e+02
3.966824081313526449e+02
3.967124315871774911e+02
3.967424550430023373e+02
3.967724784988272404e+02
3.968025019546520866e+02
3.968325254104769328e+02
3.968625488663017791e+02
3.968925723221266821e+02
3.969225957779515284e+02
3.969526192337763746e+02
3.969826426896012777e+02
3.970126661454261239e+02
3.970426896012509701e+02
3.970727130570758163e+02
3.971027365129007194e+02
3.971327599687255656e+02
3.971627834245504118e+02
3.971928068803753149e+02
3.972228303362001611e+02
3.972528537920250074e+02
3.972828772478499104e+02
3.973129007036747566e+02
3.973429241594996029e+02
3.973729476153244491e+02
3.974029710711493522e+02
3.974329945269741984e+02
3.974630179827990446e+02
3.974930414386239477e+02
3.975230648944487939e+02
3.975530883502736401e+02
3.975831118060985432e+02
3.976131352619233894e+02
3.976431587177482356e+02
3.976731821735730819e+02
3.977032056293979849e+02
3.977332290852228311e+02
3.977632525410476774e+02
3.977932759968725804e+02
3.978232994526974267e+02
3.978533229085222729e+02
3.978833463643471759e+02
3.979133698201720222e+02
3.979433932759968684e+02
3.979734167318217146e+02
3.980034401876466177e+02
3.980334636434714639e+02
3.980634870992963101e+02
3.980935105551212132e+02
3.981235340109460594e+02
3.981535574667709056e+02
3.981835809225957519e+02
3.982136043784206549e+02
3.982436278342455012e+02
3.982736512900703474e+02
3.983036747458952505e+02
3.983336982017200967e+02
3.983637216575449429e+02
3.983937451133698460e+02
3.984237685691946922e+02
3.984537920250195384e+02
3.984838154808444415e+02
3.985138389366692877e+02
3.985438623924941339e+02
3.985738858483189802e+02
3.986039093041438832e+02
3.986339327599687294e+02
3.986639562157935757e+02
3.986939796716184787e+02
3.987240031274433250e+02
3.987540265832681712e+02
3.987840500390930174e+02
3.988140734949179205e+02
3.988440969507427667e+02
3.988741204065676129e+02
3.989041438623925160e+02
3.989341673182173622e+02
3.989641907740422084e+02
3.989942142298671115e+02
3.990242376856919577e+02
3.990542611415168039e+02
3.990842845973416502e+02
3.991143080531665532e+02
3.991443315089913995e+02
3.991743549648162457e+02
3.992043784206411488e+02
3.992344018764659950e+02
3.992644253322908412e+02
3.992944487881156874e+02
3.993244722439405905e+02
3.993544956997654367e+02
3.993845191555902829e+02
3.994145426114151860e+02
3.994445660672400322e+02
3.994745895230648784e+02
3.995046129788897815e+02
3.995346364347146277e+02
3.995646598905394740e+02
3.995946833463643770e+02
3.996247068021892233e+02
3.996547302580140695e+02
3.996847537138389157e+02
3.997147771696638188e+02
3.997448006254886650e+02
3.997748240813135112e+02
3.998048475371384143e+02
3.998348709929632605e+02
3.998648944487881067e+02
3.998949179046129530e+02
3.999249413604378560e+02
3.999549648162627022e+02
3.999849882720875485e+02
4.000150117279124515e+02
4.000450351837372978e+02
4.000750586395621440e+02
4.001050820953870470e+02
4.001351055512118933e+02
4.001651290070367395e+02
4.001951524628615857e+02
4.002251759186864888e+02
4.002551993745113350e+02
4.002852228303361812e+02
4.003152462861610843e+02
4.003452697419859305e+02
4.003752931978107767e+02
4.004053166536356798e+02
4.004353401094605260e+02
4.004653635652853723e+02
4.004953870211102185e+02
4.005254104769351216e+02
4.005554339327599678e+02
4.005854573885848140e+02
4.006154808444097171e+02
4.006455043002345633e+02
4.006755277560594095e+02
4.007055512118843126e+02
4.007355746677091588e+02
4.007655981235340050e+02
4.007956215793588512e+02
4.008256450351837543e+02
4.008556684910086005e+02
4.008856919468334468e+02
4.009157154026583498e+02
4.009457388584831961e+02
4.009757623143080423e+02
4.010057857701328885e+02
4.010358092259577916e+02
4.010658326817826378e+02
4.010958561376074840e+02
4.011258795934323871e+02
4.011559030492572333e+02
4.011859265050820795e+02
4.012159499609069826e+02
4.012459734167318288e+02
4.012759968725566750e+02
4.013060203283815781e+02
4.013360437842064243e+02
4.013660672400312706e+02
4.013960906958561168e+02
4.014261141516810198e+02
4.014561376075058661e+02
4.014861610633307123e+02
4.015161845191556154e+02
4.015462079749804616e+02
4.015762314308053078e+02
4.016062548866301540e+02
4.016362783424550571e+02
4.016663017982799033e+02
4.016963252541047495e+02
4.017263487099296526e+02
4.017563721657544988e+02
4.017863956215793451e+02
4.018164190774042481e+02
4.018464425332290944e+02
4.018764659890539406e+02
4.019064894448787868e+02
4.019365129007036899e+02
4.019665363565285361e+02
4.019965598123533823e+02
4.020265832681782854e+02
4.020566067240031316e+02
4.020866301798279778e+02
4.021166536356528241e+02
4.021466770914777271e+02
4.021767005473025733e+02
4.022067240031274196e+02
4.022367474589523226e+02
4.022667709147771689e+02
4.022967943706020151e+02
4.023268178264269181e+02
4.023568412822517644e+02
4.023868647380766106e+02
4.024168881939015137e+02
4.024469116497263599e+02
4.024769351055512061e+02
4.025069585613760523e+02
4.025369820172009554e+02
4.025670054730258016e+02
4.025970289288506478e+02
4.026270523846755509e+02
4.026570758405003971e+02
4.026870992963252434e+02
4.027171227521500896e+02
4.027471462079749926e+02
4.027771696637998389e+02
4.028071931196246851e+02
4.028372165754495882e+02
4.028672400312744344e+02
4.028972634870992806e+02
4.029272869429241837e+02
4.029573103987490299e+02
4.029873338545738761e+02
4.030173573103987223e+02
4.030473807662236254e+02
4.030774042220484716e+02
4.031074276778733179e+02
4.031374511336982209e+02
4.031674745895230672e+02
4.031974980453479134e+02
4.032275215011728164e+02
4.032575449569976627e+02
4.032875684128225089e+02
4.033175918686473551e+02
4.033476153244722582e+02
4.033776387802971044e+02
4.034076622361219506e+02
4.034376856919468537e+02
4.034677091477716999e+02
4.034977326035965461e+02
4.035277560594214492e+02
4.035577795152462954e+02
4.035878029710711417e+02
4.036178264268959879e+02
4.036478498827208909e+02
4.036778733385457372e+02
4.037078967943705834e+02
4.037379202501954865e+02
4.037679437060203327e+02
4.037979671618451789e+02
4.038279906176700251e+02
4.038580140734949282e+02
4.038880375293197744e+02
4.039180609851446206e+02
4.039480844409695237e+02
4.039781078967943699e+02
4.040081313526192162e+02
4.040381548084441192e+02
4.040681782642689654e+02
4.040982017200938117e+02
4.041282251759187147e+02
4.041582486317435610e+02
4.041882720875684072e+02
4.042182955433932534e+02
4.042483189992181565e+02
4.042783424550430027e+02
4.043083659108678489e+02
4.043383893666927520e+02
4.043684128225175982e+02
4.043984362783424444e+02
4.044284597341672907e+02
4.044584831899921937e+02
4.044885066458170400e+02
4.045185301016418862e+02
4.045485535574667892e+02
4.045785770132916355e+02
4.046086004691164817e+02
4.046386239249413848e+02
4.046686473807662310e+02
4.046986708365910772e+02
4.047286942924159234e+02
4.047587177482408265e+02
4.047887412040656727e+02
4.048187646598905189e+02
4.048487881157154220e+02
4.048788115715402682e+02
4.049088350273651145e+02
4.049388584831899607e+02
4.049688819390148637e+02
4.049989053948397100e+02
4.050289288506645562e+02
4.050589523064894593e+02
4.050889757623143055e+02
4.051189992181391517e+02
4.051490226739640548e+02
4.051790461297889010e+02
4.052090695856137472e+02
4.052390930414386503e+02
4.052691164972634965e+02
4.052991399530883427e+02
4.053291634089131890e+02
4.053591868647380920e+02
4.053892103205629383e+02
4.054192337763877845e+02
4.054492572322126875e+02
4.054792806880375338e+02
4.055093041438623800e+02
4.055393275996872262e+02
4.055693510555121293e+02
4.055993745113369755e+02
4.056293979671618217e+02
4.056594214229867248e+02
4.056894448788115710e+02
4.057194683346364172e+02
4.057494917904613203e+02
4.057795152462861665e+02
4.058095387021110128e+02
4.058395621579358590e+02
4.058695856137607620e+02
4.058996090695856083e+02
4.059296325254104545e+02
4.059596559812353576e+02
4.059896794370602038e+02
4.060197028928850500e+02
4.060497263487099531e+02
4.060797498045347993e+02
4.061097732603596455e+02
4.061397967161844917e+02
4.061698201720093948e+02
4.061998436278342410e+02
4.062298670836590873e+02
4.062598905394839903e+02
4.062899139953088365e+02
4.063199374511336828e+02
4.063499609069585858e+02
4.063799843627834321e+02
4.064100078186082783e+02
4.064400312744331245e+02
4.064700547302580276e+02
4.065000781860828738e+02
4.065301016419077200e+02
4.065601250977326231e+02
4.065901485535574693e+02
4.066201720093823155e+02
4.066501954652071618e+02
4.066802189210320648e+02
4.067102423768569111e+02
4.067402658326817573e+02
4.067702892885066603e+02
4.068003127443315066e+02
4.068303362001563528e+02
4.068603596559812559e+02
4.068903831118061021e+02
4.069204065676309483e+02
4.069504300234558514e+02
4.069804534792806976e+02
4.070104769351055438e+02
4.070405003909303900e+02
4.070705238467552931e+02
4.071005473025801393e+02
4.071305707584049856e+02
4.071605942142298886e+02
4.071906176700547348e+02
4.072206411258795811e+02
4.072506645817044273e+02
4.072806880375293304e+02
4.073107114933541766e+02
4.073407349491790228e+02
4.073707584050039259e+02
4.074007818608287721e+02
4.074308053166536183e+02
4.074608287724785214e+02
4.074908522283033676e+02
4.075208756841282138e+02
4.075508991399530601e+02
4.075809225957779631e+02
4.076109460516028093e+02
4.076409695074276556e+02
4.076709929632525586e+02
4.077010164190774049e+02
4.077310398749022511e+02
4.077610633307270973e+02
4.077910867865520004e+02
4.078211102423768466e+02
4.078511336982016928e+02
4.078811571540265959e+02
4.079111806098514421e+02
4.079412040656762883e+02
4.079712275215011914e+02
4.080012509773260376e+02
4.080312744331508839e+02
4.080612978889757869e+02
4.080913213448006331e+02
4.081213448006254794e+02
4.081513682564503256e+02
4.081813917122752287e+02
4.082114151681000749e+02
4.082414386239249211e+02
4.082714620797498242e+02
4.083014855355746704e+02
4.083315089913995166e+02
4.083615324472243628e+02
4.083915559030492659e+02
4.084215793588741121e+02
4.084516028146989584e+02
4.084816262705238614e+02
4.085116497263487076e+02
4.085416731821735539e+02
4.085716966379984569e+02
4.086017200938233032e+02
4.086317435496481494e+02
4.086617670054729956e+02
4.086917904612978987e+02
4.087218139171227449e+02
4.087518373729475911e+02
4.087818608287724942e+02
4.088118842845973404e+02
4.088419077404221866e+02
4.088719311962470897e+02
4.089019546520719359e+02
4.089319781078967821e+02
4.089620015637216284e+02
4.089920250195465314e+02
4.090220484753713777e+02
4.090520719311962239e+02
4.090820953870211270e+02
4.091121188428459732e+02
4.091421422986708194e+02
4.091721657544957225e+02
4.092021892103205687e+02
4.092322126661454149e+02
4.092622361219702611e+02
4.092922595777951642e+02
4.093222830336200104e+02
4.093523064894448567e+02
4.093823299452697597e+02
4.094123534010946059e+02
4.094423768569194522e+02
4.094724003127442984e+02
4.095024237685692015e+02
4.095324472243940477e+02
4.095624706802188939e+02
4.095924941360437970e+02
4.096225175918686432e+02
4.096525410476934894e+02
4.096825645035183925e+02
4.097125879593432387e+02
4.097426114151680849e+02
4.097726348709929880e+02
4.098026583268178342e+02
4.098326817826426804e+02
4.098627052384675267e+02
4.098927286942924297e+02
4.099227521501172760e+02
4.099527756059421222e+02
4.099827990617670253e+02
4.100128225175918715e+02
4.100428459734167177e+02
4.100728694292415639e+02
4.101028928850664670e+02
4.101329163408913132e+02
4.101629397967161594e+02
4.101929632525410625e+02
4.102229867083659087e+02
4.102530101641907549e+02
4.102830336200156580e+02
4.103130570758405042e+02
4.103430805316653505e+02
4.103731039874901967e+02
4.104031274433150998e+02
4.104331508991399460e+02
4.104631743549647922e+02
4.104931978107896953e+02
4.105232212666145415e+02
4.105532447224393877e+02
4.105832681782642339e+02
4.106132916340891370e+02
4.106433150899139832e+02
4.106733385457388295e+02
4.107033620015637325e+02
4.107333854573885787e+02
4.107634089132134250e+02
4.107934323690383280e+02
4.108234558248631743e+02
4.108534792806880205e+02
4.108835027365129235e+02
4.109135261923377698e+02
4.109435496481626160e+02
4.109735731039874622e+02
4.110035965598123653e+02
4.110336200156372115e+02
4.110636434714620577e+02
4.110936669272869608e+02
4.111236903831118070e+02
4.111537138389366532e+02
4.111837372947614995e+02
4.112137607505864025e+02
4.112437842064112488e+02
4.112738076622360950e+02
4.113038311180609981e+02
4.113338545738858443e+02
4.113638780297106905e+02
4.113939014855355936e+02
4.114239249413604398e+02
4.114539483971852860e+02
4.114839718530101322e+02
4.115139953088350353e+02
4.115440187646598815e+02
4.115740422204847277e+02
4.116040656763096308e+02
4.116340891321344770e+02
4.116641125879593233e+02
4.116941360437842263e+02
4.117241594996090726e+02
4.117541829554339188e+02
4.117842064112587650e+02
4.118142298670836681e+02
4.118442533229085143e+02
4.118742767787333605e+02
4.119043002345582636e+02
4.119343236903831098e+02
4.119643471462079560e+02
4.119943706020328591e+02
4.120243940578577053e+02
4.120544175136825515e+02
4.120844409695073978e+02
4.121144644253323008e+02
4.121444878811571471e+02
4.121745113369819933e+02
4.122045347928068963e+02
4.122345582486317426e+02
4.122645817044565888e+02
4.122946051602814350e+02
4.123246286161063381e+02
4.123546520719311843e+02
4.123846755277560305e+02
4.124146989835809336e+02
4.124447224394057798e+02
4.124747458952306260e+02
4.125047693510555291e+02
4.125347928068803753e+02
4.125648162627052216e+02
4.125948397185301246e+02
4.126248631743549709e+02
4.126548866301798171e+02
4.126849100860046633e+02
4.127149335418295664e+02
4.127449569976544126e+02
4.127749804534792588e+02
4.128050039093041619e+02
4.128350273651290081e+02
4.128650508209538543e+02
4.128950742767787006e+02
4.129250977326036036e+02
4.129551211884284498e+02
4.129851446442532961e+02
4.130151681000781991e+02
4.130451915559030454e+02
4.130752150117278916e+02
4.131052384675527946e+02
4.131352619233776409e+02
4.131652853792024871e+02
4.131953088350273902e+02
4.132253322908522364e+02
4.132553557466770826e+02
4.132853792025019288e+02
4.133154026583268319e+02
4.133454261141516781e+02
4.133754495699765243e+02
4.134054730258013706e+02
4.134354964816262736e+02
4.134655199374511199e+02
4.134955433932759661e+02
4.135255668491008691e+02
4.135555903049257154e+02
4.135856137607505616e+02
4.136156372165754647e+02
4.136456606724003109e+02
4.136756841282251571e+02
4.137057075840500602e+02
4.137357310398749064e+02
4.137657544956997526e+02
4.137957779515245988e+02
4.138258014073495019e+02
4.138558248631743481e+02
4.138858483189991944e+02
4.139158717748240974e+02
4.139458952306489437e+02
4.139759186864737899e+02
4.140059421422986361e+02
4.140359655981235392e+02
4.140659890539483854e+02
4.140960125097732316e+02
4.141260359655981347e+02
4.141560594214229809e+02
4.141860828772478271e+02
4.142161063330727302e+02
4.142461297888975764e+02
4.142761532447224226e+02
4.143061767005473257e+02
4.143362001563721719e+02
4.143662236121970182e+02
4.143962470680218644e+02
4.144262705238467674e+02
4.144562939796716137e+02
4.144863174354964599e+02
4.145163408913213061e+02
4.145463643471462092e+02
4.145763878029710554e+02
4.146064112587959016e+02
4.146364347146208047e+02
4.146664581704456509e+02
4.146964816262704971e+02
4.147265050820954002e+02
4.147565285379202464e+02
4.147865519937450927e+02
4.148165754495699957e+02
4.148465989053948419e+02
4.148766223612196882e+02
4.149066458170445344e+02
4.149366692728694375e+02
4.149666927286942837e+02
4.149967161845191299e+02
4.150267396403440330e+02
4.150567630961688792e+02
4.150867865519937254e+02
4.151168100078185716e+02
4.151468334636434747e+02
4.151768569194683209e+02
4.152068803752931672e+02
4.152369038311180702e+02
4.152669272869429165e+02
4.152969507427677627e+02
4.153269741985926657e+02
4.153569976544175120e+02
4.153870211102423582e+02
4.154170445660672613e+02
4.154470680218921075e+02
4.154770914777169537e+02
4.155071149335417999e+02
4.155371383893667030e+02
4.155671618451915492e+02
4.155971853010163954e+02
4.156272087568412985e+02
4.156572322126661447e+02
4.156872556684909910e+02
4.157172791243158372e+02
4.157473025801407402e+02
4.157773260359655865e+02
4.158073494917904327e+02
4.158373729476153358e+02
4.158673964034401820e+02
4.158974198592650282e+02
4.159274433150899313e+02
4.159574667709147775e+02
4.159874902267396237e+02
4.160175136825645268e+02
4.160475371383893730e+02
4.160775605942142192e+02
4.161075840500390655e+02
4.161376075058639685e+02
4.161676309616888148e+02
4.161976544175136610e+02
4.162276778733385072e+02
4.162577013291634103e+02
4.162877247849882565e+02
4.163177482408131027e+02
4.163477716966380058e+02
4.163777951524628520e+02
4.164078186082876982e+02
4.164378420641126013e+02
4.164678655199374475e+02
4.164978889757622937e+02
4.165279124315871968e+02
4.165579358874120430e+02
4.165879593432368893e+02
4.166179827990617355e+02
4.166480062548866385e+02
