0.000000000000000000e+00
6.671281903963017983e-13
1.334256380792609251e-12
2.001384571188911049e-12
2.668512761585218502e-12
3.335640951981520704e-12
4.002769142377822099e-12
4.669897332774129956e-12
5.337025523170431350e-12
6.004153713566740015e-12
6.671281903963041409e-12
7.338410094359342803e-12
8.005538284755644198e-12
8.672666475151958517e-12
9.339794665548259911e-12
1.000692285594456131e-11
1.067405104634086270e-11
1.134117923673716409e-11
1.200830742713348003e-11
1.267543561752978142e-11
1.334256380792608282e-11
1.400969199832238583e-11
1.467682018871868561e-11
1.534394837911499831e-11
1.601107656951130132e-11
1.667820475990760433e-11
1.734533295030390734e-11
1.801246114070020712e-11
1.867958933109651982e-11
1.934671752149281960e-11
2.001384571188912261e-11
2.068097390228542562e-11
2.134810209268172540e-11
2.201523028307804133e-11
2.268235847347434111e-11
2.334948666387064412e-11
2.401661485426694713e-11
2.468374304466324691e-11
2.535087123505956285e-11
2.601799942545586263e-11
2.668512761585216564e-11
2.735225580624846541e-11
2.801938399664477166e-11
2.868651218704108113e-11
2.935364037743738414e-11
3.002076856783368715e-11
3.068789675822999016e-11
3.135502494862628671e-11
3.202215313902260264e-11
3.268928132941890565e-11
3.335640951981520866e-11
3.402353771021150521e-11
3.469066590060781468e-11
3.535779409100412415e-11
3.602492228140042070e-11
3.669205047179672371e-11
3.735917866219302672e-11
3.802630685258932973e-11
3.869343504298563920e-11
3.936056323338194867e-11
4.002769142377824522e-11
4.069481961417454823e-11
4.136194780457085124e-11
4.202907599496716718e-11
4.269620418536346372e-11
4.336333237575977320e-11
4.403046056615606974e-11
4.469758875655237275e-11
4.536471694694868223e-11
4.603184513734498524e-11
4.669897332774128825e-11
4.736610151813758479e-11
4.803322970853389427e-11
4.870035789893020374e-11
4.936748608932650675e-11
5.003461427972280330e-11
5.070174247011911277e-11
