0.000000000000000000e+00
0.000000000000000000e+00
6.671281903971194684e-15
1.334256380793053752e-14
2.001384571188988194e-14
2.668512761586107504e-14
3.335640951982041630e-14
4.002769142377976387e-14
4.669897332775096329e-14
6.004153713566964581e-14
6.004153713566964581e-14
7.338410094360018018e-14
7.338410094360018018e-14
8.672666475151887532e-14
9.339794665549006211e-14
1.000692285594494097e-13
1.067405104634087699e-13
1.134117923673799441e-13
1.200830742713392916e-13
1.267543561752986392e-13
1.334256380792698260e-13
1.400969199832291736e-13
1.467682018871885211e-13
1.534394837911597079e-13
1.601107656951190555e-13
1.667820475990784031e-13
1.667820475990784031e-13
1.734533295030377506e-13
1.801246114070089374e-13
1.867958933109682850e-13
1.934671752149276326e-13
2.001384571188988194e-13
2.068097390228581669e-13
2.134810209268175398e-13
2.201523028307886761e-13
2.268235847347480489e-13
2.334948666387073965e-13
2.401661485426785832e-13
2.468374304466379056e-13
2.535087123505972784e-13
2.601799942545684652e-13
2.668512761585277875e-13
2.735225580624871603e-13
2.801938399664464827e-13
2.868651218704176694e-13
2.935364037743770423e-13
3.002076856783363646e-13
3.068789675823075514e-13
3.135502494862669242e-13
3.202215313902262465e-13
3.268928132941974333e-13
3.335640951981568061e-13
3.402353771021161285e-13
3.469066590060873153e-13
3.535779409100466881e-13
3.602492228140060104e-13
3.669205047179771972e-13
3.735917866219365700e-13
3.802630685258958923e-13
3.869343504298552652e-13
3.936056323338264519e-13
4.002769142377857743e-13
4.069481961417451471e-13
4.136194780457163339e-13
4.202907599496756562e-13
4.269620418536350795e-13
4.336333237576062158e-13
4.403046056615655381e-13
4.469758875655249615e-13
4.536471694694960978e-13
4.603184513734553696e-13
4.669897332774147929e-13
4.736610151813859292e-13
4.803322970853452515e-13
4.870035789893046748e-13
4.936748608932639972e-13
5.003461427972351335e-13
5.070174247011945568e-13
5.136887066051538791e-13
5.203599885091250154e-13
5.270312704130844387e-13
5.337025523170437610e-13
5.403738342210148973e-13
5.470451161249743206e-13
5.537163980289336430e-13
5.603876799329047793e-13
5.670589618368642026e-13
5.737302437408235249e-13
5.804015256447946612e-13
5.870728075487540845e-13
5.937440894527134069e-13
6.004153713566727292e-13
6.070866532606439665e-13
6.137579351646032888e-13
6.204292170685626111e-13
6.271004989725338484e-13
6.337717808764931707e-13
6.404430627804524931e-13
6.471143446844237303e-13
6.537856265883830527e-13
6.604569084923423750e-13
6.671281903963136123e-13
6.737994723002729346e-13
6.804707542042322569e-13
6.871420361081916802e-13
