0.000000000000000000e+00
0.000000000000000000e+00
6.671281903971194684e-15
1.334256380793053752e-14
2.001384571188988194e-14
2.668512761586107504e-14
3.335640951982041630e-14
4.669897332775096329e-14
5.337025523171030455e-14
6.004153713566964581e-14
6.004153713566964581e-14
6.671281903962899338e-14
8.005538284755952775e-14
8.005538284755952775e-14
9.339794665549006211e-14
1.000692285594494097e-13
1.067405104634087699e-13
1.134117923673799441e-13
1.200830742713392916e-13
1.267543561752986392e-13
1.334256380792698260e-13
1.400969199832291736e-13
1.467682018871885211e-13
1.534394837911597079e-13
1.601107656951190555e-13
1.667820475990784031e-13
1.734533295030377506e-13
1.801246114070089374e-13
1.867958933109682850e-13
1.934671752149276326e-13
2.001384571188988194e-13
2.068097390228581669e-13
2.134810209268175398e-13
2.201523028307886761e-13
2.201523028307886761e-13
2.334948666387073965e-13
2.334948666387073965e-13
2.401661485426785832e-13
2.535087123505972784e-13
2.535087123505972784e-13
2.668512761585277875e-13
2.735225580624871603e-13
2.735225580624871603e-13
2.801938399664464827e-13
2.868651218704176694e-13
3.002076856783363646e-13
3.002076856783363646e-13
3.068789675823075514e-13
