0.000000000000000000e+00
1.334256380793053752e-14
2.668512761586107504e-14
4.002769142377976387e-14
5.337025523171030455e-14
6.671281903962899338e-14
8.005538284755952775e-14
9.339794665549006211e-14
1.067405104634087699e-13
1.200830742713392916e-13
1.334256380792698260e-13
1.467682018871885211e-13
1.601107656951190555e-13
1.734533295030377506e-13
1.867958933109682850e-13
2.001384571188988194e-13
2.134810209268175398e-13
2.268235847347480489e-13
2.401661485426785832e-13
2.535087123505972784e-13
2.668512761585277875e-13
2.801938399664464827e-13
2.935364037743770423e-13
3.068789675823075514e-13
3.202215313902262465e-13
3.335640951981568061e-13
3.469066590060873153e-13
3.602492228140060104e-13
3.735917866219365700e-13
3.869343504298552652e-13
4.002769142377857743e-13
4.136194780457163339e-13
4.269620418536350795e-13
4.403046056615655381e-13
4.536471694694960978e-13
4.669897332774147929e-13
4.803322970853452515e-13
4.936748608932639972e-13
5.070174247011945568e-13
5.203599885091250154e-13
5.337025523170437610e-13
5.470451161249743206e-13
5.603876799329047793e-13
5.737302437408235249e-13
5.870728075487540845e-13
6.004153713566727292e-13
6.137579351646032888e-13
6.271004989725338484e-13
6.404430627804524931e-13
6.537856265883830527e-13
6.671281903963136123e-13
6.804707542042322569e-13
6.938133180121628165e-13
7.071558818200815622e-13
7.204984456280120208e-13
7.338410094359425804e-13
7.471835732438613260e-13
7.605261370517917847e-13
7.738687008597223443e-13
7.872112646676410899e-13
8.005538284755715485e-13
8.138963922834902942e-13
8.272389560914207528e-13
8.405815198993513124e-13
8.539240837072701590e-13
