0.000000000000000000e+00
6.671281903962899338e-14
1.334256380792579868e-13
2.001384571188988194e-13
2.668512761585277875e-13
3.335640951981568061e-13
4.002769142377857743e-13
4.669897332774147929e-13
5.337025523170437610e-13
6.004153713566727292e-13
6.671281903963017983e-13
7.338410094359307664e-13
8.005538284755715485e-13
8.672666475152005167e-13
9.339794665548295858e-13
1.000692285594458554e-12
1.067405104634087522e-12
1.134117923673716490e-12
1.200830742713345458e-12
1.267543561752974426e-12
1.334256380792615310e-12
1.400969199832244278e-12
1.467682018871873246e-12
1.534394837911502416e-12
1.601107656951131384e-12
