PG FROG
Grid size is 128
 
*********** Test Field. ************
Experimental FROG trace loaded from D:\Programming\workspace\Frog\src\femtosofttrace_2017-03-09_12h08
Number of delay points: 260
Number of wavelength points: 1149
Delay spacing: 2.057 fs
Wavelength spacing: 0.008907 nm
Center wavelength: 263 nm
DataOrder: Wavelength
Read in as constant Wavelength bins
 
Full spectrum noise subtraction.
Delay resampled to 10fs.
There were -20.22 too many wavelength points.
Trace centered on tau pixel 23
Wavelength Center at pixel 607
Wavelength shift of 0.2939 nm.
 
Projections
1   0.034705
2   0.034321
3   0.033494
4   0.031442
5   0.029394
6   0.027548
7   0.025885
8   0.024465
9   0.023248
10   0.022209
11   0.021332
12   0.020594
13   0.019976
14   0.019457
15   0.019022
16   0.018655
17   0.018345
18   0.018082
19   0.017858
20   0.017666
21   0.017501
22   0.017359
23   0.017235
24   0.017127
25   0.017033
26   0.01695
27   0.016877
28   0.016812
29   0.01675
30   0.016696
31   0.016649
32   0.016606
33   0.016568
34   0.016534
35   0.016503
36   0.016475
37   0.01645
38   0.016427
39   0.016406
40   0.016387
41   0.01637
42   0.016354
43   0.01634
44   0.016326
45   0.016314
46   0.016303
47   0.016292
48   0.016282
49   0.016273
50   0.016265
51   0.016257
52   0.01625
 
Projections
53   0.016243
54   0.016237
55   0.016231
56   0.016225
57   0.01622
58   0.016215
59   0.016211
60   0.016206
61   0.016202
62   0.016199
 
Projections
63   0.016195
64   0.016192
65   0.016189
66   0.016186
67   0.016183
68   0.016181
69   0.016178
70   0.016176
71   0.016174
72   0.016172
 
Projections
73   0.01617
74   0.016168
75   0.016166
76   0.016165
77   0.016163
78   0.016162
79   0.016161
80   0.016159
81   0.016158
82   0.016157
 
Projections
83   0.016156
84   0.016155
85   0.016154
86   0.016153
87   0.016152
88   0.016152
89   0.016151
90   0.01615
91   0.016149
92   0.016149
 
Projections
93   0.016148
94   0.016148
95   0.016147
96   0.016147
97   0.016146
98   0.016146
99   0.016145
100   0.016145
101   0.016145
102   0.016144
 
Projections
103   0.016144
104   0.016144
105   0.016143
106   0.016143
107   0.016143
108   0.016142
109   0.016142
110   0.016142
111   0.016142
112   0.016142
 
Projections
113   0.016141
114   0.016141
115   0.016141
116   0.016141
117   0.016141
118   0.016141
119   0.016141
120   0.01614
121   0.01614
122   0.01614
 
Projections
123   0.01614
124   0.01614
125   0.01614
126   0.01614
127   0.01614
128   0.01614
129   0.01614
130   0.016139
131   0.016139
132   0.016139
 
Projections
133   0.016139
134   0.016139
135   0.016139
136   0.016139
137   0.016139
138   0.016139
139   0.016139
140   0.016139
141   0.016139
142   0.016139
 
Projections
143   0.016139
144   0.016139
145   0.016139
146   0.016139
147   0.016139
148   0.016139
149   0.016139
150   0.016139
151   0.016139
152   0.016139
 
Projections
153   0.016139
154   0.016139
155   0.016139
156   0.016139
157   0.016139
158   0.016139
159   0.016139
160   0.016139
161   0.016139
162   0.016139
 
Projections
163   0.016139
164   0.016138
165   0.016138
166   0.016138
167   0.016138
168   0.016138
169   0.016138
170   0.016138
171   0.016138
172   0.016138
 
Projections
173   0.016138
174   0.016138
175   0.016138
176   0.016138
177   0.016138
178   0.016138
179   0.016138
180   0.016138
181   0.016138
182   0.016138
 
Projections
183   0.016138
184   0.016138
185   0.016138
186   0.016138
187   0.016138
188   0.016138
189   0.016138
190   0.016138
191   0.016138
192   0.016138
 
Projections
193   0.016138
194   0.016138
195   0.016138
196   0.016138
197   0.016138
198   0.016138
199   0.016138
200   0.016138
201   0.016138
202   0.016138
 
Projections
203   0.016138
204   0.016138
205   0.016138
206   0.016138
207   0.016138
208   0.016138
209   0.016138
210   0.016138
211   0.016138
212   0.016138
 
Projections
213   0.016138
214   0.016138
215   0.016138
216   0.016138
217   0.016138
218   0.016138
219   0.016138
220   0.016138
221   0.016138
222   0.016138
 
Projections
223   0.016138
224   0.016138
225   0.016138
226   0.016138
227   0.016138
228   0.016138
229   0.016138
230   0.016138
231   0.016138
232   0.016138
 
Projections
233   0.016138
234   0.016138
235   0.016138
236   0.016138
237   0.016138
238   0.016138
239   0.016138
240   0.016138
241   0.016138
242   0.016138
 
Projections
243   0.016138
244   0.016138
245   0.016138
246   0.016138
247   0.016138
248   0.016138
249   0.016138
250   0.016138
251   0.016138
252   0.016138
 
Projections
253   0.016138
254   0.016138
255   0.016138
256   0.016138
257   0.016138
258   0.016138
259   0.016138
260   0.016138
261   0.016138
262   0.016138
 
Projections
263   0.016138
264   0.016138
265   0.016138
266   0.016138
267   0.016138
268   0.016138
269   0.016138
270   0.016138
271   0.016138
272   0.016138
 
Projections
273   0.016138
274   0.016138
275   0.016138
276   0.016138
277   0.016138
278   0.016138
279   0.016138
280   0.016138
281   0.016138
282   0.016138
 
Projections
283   0.016138
284   0.016138
285   0.016138
286   0.016138
287   0.016138
288   0.016138
289   0.016138
290   0.016138
291   0.016138
292   0.016138
 
Projections
293   0.016138
294   0.016138
295   0.016138
296   0.016138
297   0.016138
298   0.016138
299   0.016138
300   0.016138
301   0.016138
302   0.016138
 
Projections
303   0.016138
304   0.016138
305   0.016138
306   0.016138
307   0.016138
308   0.016138
309   0.016138
310   0.016138
311   0.016138
312   0.016138
 
Projections
313   0.016138
314   0.016138
315   0.016138
316   0.016138
317   0.016138
318   0.016138
319   0.016138
320   0.016138
321   0.016138
322   0.016138
 
Projections
323   0.016138
324   0.016138
325   0.016138
326   0.016138
327   0.016138
328   0.016138
329   0.016138
330   0.016138
331   0.016138
332   0.016138
 
Projections
333   0.016138
334   0.016138
335   0.016138
336   0.016138
337   0.016138
338   0.016138
339   0.016138
340   0.016138
341   0.016138
342   0.016138
 
Projections
343   0.016138
344   0.016138
345   0.016138
346   0.016138
347   0.016138
348   0.016138
349   0.016138
350   0.016138
351   0.016138
352   0.016138
 
Projections
353   0.016138
354   0.016138
355   0.016138
356   0.016138
357   0.016138
358   0.016138
359   0.016138
360   0.016138
361   0.016138
362   0.016138
 
Projections
363   0.016138
364   0.016138
365   0.016138
366   0.016138
367   0.016138
368   0.016138
369   0.016138
370   0.016138
371   0.016138
372   0.016138
 
Projections
373   0.016138
374   0.016138
375   0.016138
376   0.016138
377   0.016138
378   0.016138
379   0.016138
 
 
The minimum FROG error was 0.016138
 
**************** Retrieved Field ******************
Temporal FWHM: 189.56 fs.
Spectral FWHM: 1.0539 nm.
Autocorrelation FWHM: 264.13 fs.
Time-Bandwidth Product - FWHM: 0.86456
Time-Bandwidth Product - RMS: 0.93772
Time-Bandwidth Product - Temporal Laplacian: 0.93229
Time-Bandwidth Product - Spectral Laplacian: 0.9365
