0.000000000000000000e+00
6.671281903962899338e-14
1.334256380792579868e-13
2.001384571188869549e-13
2.668512761585159735e-13
3.335640951981449922e-13
4.002769142377739098e-13
4.669897332774028779e-13
5.337025523170437610e-13
6.004153713566727292e-13
6.671281903963017983e-13
7.338410094359307664e-13
8.005538284755597346e-13
8.672666475151887027e-13
9.339794665548176708e-13
1.000692285594446639e-12
1.067405104634087522e-12
1.134117923673716490e-12
1.200830742713345458e-12
1.267543561752974426e-12
1.334256380792603597e-12
1.400969199832232565e-12
1.467682018871861533e-12
1.534394837911490501e-12
1.601107656951119469e-12
1.667820475990760352e-12
1.734533295030389320e-12
1.801246114070018289e-12
1.867958933109647459e-12
1.934671752149276225e-12
2.001384571188905395e-12
2.068097390228534565e-12
2.134810209268163331e-12
2.201523028307803810e-12
2.268235847347432980e-12
2.334948666387062151e-12
2.401661485426690917e-12
2.468374304466320087e-12
2.535087123505948853e-12
2.601799942545578023e-12
2.668512761585207193e-12
2.735225580624847672e-12
2.801938399664476842e-12
2.868651218704105609e-12
